142
1 1
1 8
1 8
1 0
1 7
1 1
1 0
1 3
1 9
1 1
1 0
1 8
1 7
1 3
1 4
1 2
1 4
1 0
1 3
1 0
1 3
1 2
1 5
1 5
1 8
1 6
1 0
1 2
1 2
1 3
1 2
1 6
1 7
1 3
1 9
1 6
1 4
1 7
1 1
1 6
1 7
1 7
1 2
1 6
1 3
1 1
1 0
1 7
1 9
1 4
1 3
1 9
1 7
1 7
1 9
1 1
1 5
1 5
1 0
1 5
1 0
1 9
1 2
1 2
1 3
1 6
1 4
1 9
1 1
1 1
1 7
1 8
1 1
1 3
1 0
1 3
1 4
1 5
1 6
1 4
1 5
1 4
1 4
1 8
1 5
1 7
1 4
1 4
1 0
1 9
1 9
1 2
1 5
1 2
1 6
1 5
1 4
1 6
1 7
1 7
2 15
2 65
2 8
2 71
2 83
2 42
2 8
2 46
2 48
2 36
2 47
2 94
2 15
2 85
2 37
2 37
2 100
2 19
2 8
2 60
2 74
2 58
2 17
2 82
2 23
2 97
2 3
2 27
2 22
2 33
2 8
2 72
2 90
2 87
2 32
2 90
2 53
2 42
2 44
2 51
2 80
2 77
