475 480
273 278
264 269
166 171
74 79
392 397
364 369
55 60
220 225
471 476
341 346
127 132
197 202
409 414
154 159
22 27
128 133
311 316
453 458
186 191
201 206
179 184
91 96
280 285
389 394
361 366
291 296
320 325
301 306
384 389
206 211
288 293
348 353
266 271
62 67
448 453
414 419
126 131
54 59
302 307
26 31
37 42
423 428
189 194
402 407
159 164
278 283
463 468
390 395
271 276
200 205
386 391
113 118
287 292
239 244
49 54
415 420
340 345
324 329
275 280
353 358
61 66
17 22
152 157
188 193
167 172
339 344
306 311
362 367
295 300
3 8
494 499
44 49
177 182
456 461
23 28
173 178
438 443
43 48
16 21
404 409
424 429
383 388
449 454
192 197
75 80
25 30
297 302
6 11
452 457
405 410
229 234
350 355
256 261
145 150
158 163
202 207
221 226
246 251
308 313
164 169
485 490
432 437
403 408
457 462
493 498
142 147
14 19
367 372
310 315
253 258
243 248
129 134
474 479
135 140
412 417
422 427
245 250
121 126
489 494
307 312
419 424
0 5
358 363
45 50
406 411
38 43
112 117
444 449
97 102
81 86
218 223
232 237
144 149
370 375
138 143
268 273
133 138
175 180
459 464
111 116
336 341
380 385
24 29
395 400
18 23
289 294
292 297
487 492
169 174
59 64
355 360
276 281
156 161
190 195
84 89
108 113
69 74
67 72
351 356
450 455
199 204
398 403
104 109
460 465
254 259
466 471
478 483
333 338
318 323
240 245
12 17
181 186
421 426
225 230
436 441
479 484
477 482
491 496
132 137
321 326
94 99
257 262
344 349
227 232
236 241
330 335
107 112
331 336
465 470
345 350
230 235
137 142
82 87
117 122
9 14
484 489
443 448
337 342
472 477
170 175
343 348
147 152
425 430
178 183
224 229
277 282
309 314
429 434
174 179
255 260
191 196
215 220
371 376
476 481
486 491
68 73
262 267
274 279
1 6
172 177
427 432
357 362
102 107
408 413
363 368
426 431
442 447
338 343
15 20
208 213
372 377
87 92
447 452
393 398
416 421
211 216
71 76
100 105
323 328
251 256
300 305
176 181
8 13
153 158
385 390
139 144
63 68
42 47
155 160
455 460
114 119
377 382
214 219
90 95
381 386
298 303
242 247
123 128
70 75
151 156
210 215
19 24
492 497
394 399
431 436
65 70
99 104
157 162
349 354
267 272
317 322
193 198
203 208
411 416
204 209
247 252
296 301
73 78
303 308
233 238
259 264
329 334
165 170
223 228
482 487
88 93
481 486
168 173
207 212
163 168
198 203
98 103
216 221
335 340
354 359
483 488
433 438
261 266
488 493
387 392
29 34
260 265
41 46
234 239
183 188
473 478
85 90
31 36
327 332
47 52
376 381
283 288
185 190
462 467
269 274
272 277
378 383
60 65
93 98
312 317
440 445
325 330
5 10
125 130
222 227
294 299
379 384
140 145
439 444
244 249
52 57
458 463
316 321
441 446
72 77
284 289
282 287
195 200
252 257
106 111
334 339
213 218
64 69
388 393
56 61
115 120
30 35
293 298
180 185
263 268
120 125
490 495
342 347
237 242
51 56
105 110
50 55
401 406
148 153
396 401
279 284
420 425
391 396
196 201
480 485
28 33
35 40
58 63
11 16
451 456
101 106
96 101
134 139
131 136
461 466
136 141
469 474
286 291
89 94
352 357
34 39
226 231
313 318
467 472
109 114
2 7
7 12
80 85
235 240
468 473
241 246
162 167
437 442
219 224
53 58
119 124
418 423
39 44
57 62
328 333
428 433
194 199
36 41
238 243
397 402
130 135
332 337
103 108
217 222
285 290
360 365
249 254
46 51
21 26
118 123
470 475
209 214
305 310
92 97
326 331
315 320
116 121
464 469
86 91
445 450
171 176
149 154
76 81
374 379
281 286
413 418
250 255
184 189
366 371
400 405
369 374
79 84
373 378
417 422
33 38
231 236
375 380
122 127
446 451
382 387
258 263
182 187
454 459
78 83
410 415
434 439
228 233
299 304
205 210
359 364
150 155
356 361
13 18
10 15
77 82
20 25
304 309
66 71
368 373
399 404
83 88
40 45
141 146
270 275
265 270
430 435
143 148
212 217
146 151
27 32
319 324
322 327
124 129
161 166
290 295
347 352
160 165
435 440
48 53
314 319
187 192
248 253
365 370
346 351
95 100
4 9
110 115
407 412
32 37
