231 221
334 324
368 358
319 309
497 487
49 39
47 37
146 136
116 106
82 72
347 337
244 234
150 140
257 247
98 88
17 7
499 489
380 370
307 297
172 162
85 75
90 80
103 93
450 440
89 79
388 378
323 313
350 340
11 1
10 0
395 385
197 187
286 276
101 91
451 441
296 286
238 228
418 408
56 46
13 3
422 412
475 465
18 8
419 409
226 216
390 380
19 9
291 281
496 486
340 330
275 265
54 44
411 401
34 24
94 84
271 261
99 89
490 480
75 65
476 466
285 275
130 120
248 238
160 150
391 381
415 405
438 428
273 263
317 307
302 292
219 209
491 481
196 186
39 29
481 471
386 376
431 421
178 168
396 386
195 185
253 243
283 273
295 285
410 400
51 41
32 22
313 303
198 188
270 260
315 305
448 438
446 436
233 223
123 113
141 131
126 116
230 220
119 109
435 425
362 352
42 32
27 17
371 361
299 289
318 308
289 279
417 407
237 227
185 175
12 2
136 126
201 191
212 202
472 462
261 251
15 5
456 446
189 179
381 371
131 121
68 58
61 51
398 388
439 429
300 290
454 444
251 241
434 424
328 318
249 239
29 19
220 210
269 259
154 144
78 68
127 117
292 282
262 252
389 379
227 217
360 350
236 226
114 104
420 410
372 362
459 449
400 390
462 452
460 450
325 315
457 447
487 477
337 327
414 404
333 323
174 164
369 359
483 473
137 127
352 342
31 21
432 422
152 142
488 478
122 112
363 353
370 360
215 205
470 460
449 439
41 31
38 28
155 145
191 181
357 347
468 458
181 171
287 277
393 383
425 415
83 73
361 351
74 64
348 338
375 365
217 207
118 108
416 406
258 248
216 206
24 14
222 212
365 355
254 244
383 373
45 35
108 98
76 66
495 485
202 192
433 423
266 256
106 96
143 133
134 124
105 95
265 255
332 322
245 235
187 177
205 195
339 329
70 60
66 56
95 85
437 427
93 83
304 294
250 240
113 103
59 49
153 143
28 18
413 403
77 67
466 456
405 395
321 311
458 448
139 129
69 59
441 431
444 434
73 63
161 151
132 122
30 20
229 219
111 101
107 97
58 48
110 100
165 155
322 312
67 57
241 231
408 398
294 284
151 141
382 372
97 87
455 445
243 233
293 283
65 55
188 178
402 392
314 304
40 30
50 40
267 257
20 10
168 158
358 348
428 418
284 274
199 189
129 119
72 62
447 437
210 200
171 161
494 484
436 426
473 463
343 333
43 33
349 339
55 45
409 399
336 326
268 258
142 132
345 335
324 314
213 203
471 461
23 13
170 160
26 16
192 182
480 470
442 432
426 416
44 34
173 163
429 419
288 278
346 336
140 130
125 115
478 468
445 435
115 105
252 242
148 138
36 26
385 375
133 123
104 94
96 86
203 193
404 394
355 345
92 82
162 152
102 92
364 354
182 172
477 467
135 125
344 334
235 225
180 170
290 280
228 218
124 114
176 166
71 61
79 69
463 453
214 204
341 331
88 78
81 71
464 454
327 317
33 23
209 199
100 90
326 316
21 11
310 300
359 349
331 321
485 475
239 229
387 377
377 367
144 134
208 198
308 298
194 184
16 6
179 169
224 214
374 364
53 43
279 269
406 396
424 414
373 363
427 417
378 368
138 128
120 110
421 411
379 369
204 194
276 266
247 237
320 310
46 36
303 293
312 302
225 215
184 174
311 301
367 357
177 167
86 76
80 70
401 391
264 254
57 47
121 111
351 341
193 183
223 213
394 384
474 464
207 197
479 469
218 208
232 222
443 433
246 236
186 176
423 413
259 249
190 180
281 271
14 4
498 488
305 295
272 262
164 154
492 482
167 157
48 38
221 211
157 147
277 267
109 99
64 54
335 325
62 52
329 319
482 472
397 387
280 270
453 443
486 476
149 139
22 12
112 102
489 479
484 474
493 483
354 344
297 287
35 25
169 159
465 455
37 27
263 253
183 173
158 148
330 320
309 299
306 296
278 268
87 77
147 137
145 135
353 343
206 196
274 264
234 224
392 382
366 356
342 332
25 15
467 457
338 328
301 291
256 246
440 430
255 245
403 393
452 442
60 50
117 107
412 402
240 230
356 346
298 288
461 451
399 389
128 118
316 306
52 42
376 366
407 397
384 374
211 201
242 232
84 74
63 53
282 272
163 153
166 156
159 149
260 250
175 165
430 420
91 81
156 146
469 459
200 190
